8 (
8 )
22 (
22 )
24 (
24 )
25 (
25 )
28 (
28 )
30 (
30 )
34 (
34 )
36 (
36 )
36 (
36 )
39 (
39 )
40 (
41 (
41 (
41 )
41 )
42 (
44 (
44 )
44 (
44 )
44 (
44 )
45 (
45 )
46 (
46 )
47 (
47 )
48 (
48 )
49 (
49 )
50 (
50 )
51 (
51 )
52 )
52 (
52 )
53 )
56 (
56 )
58 (
58 )
59 (
59 )
61 (
61 )
62 (
62 (
62 )
62 )
66 (
66 )
71 (
71 )
73 (
73 )
73 (
73 )
73 (
73 )
73 (
73 )
81 (
81 (
81 )
81 )
82 (
82 )
88 (
88 )
89 (
89 )
93 (
93 )
95 (
95 )
97 (
97 )
100 (
100 )
101 (
101 )
107 (
107 )
107 (
107 )
108 (
108 )
109 (
109 )
110 (
110 )
118 (
118 )
129 (
129 )
132 (
132 )
133 (
133 )
135 (
135 )
135 (
135 )
135 (
135 )
135 (
135 )
145 (
145 )
147 (
147 )
147 (
147 )
149 (
149 )
154 (
154 )
155 (
155 )
156 (
156 )
157 (
157 (
157 )
157 )
161 (
161 )
164 (
169 )
173 (
173 )
175 (
175 )
178 (
178 (
178 )
178 )
182 (
182 )
184 (
184 )
187 (
187 )
188 (
188 )
189 (
189 )
189 (
189 )
193 (
193 )
193 (
193 )
194 (
194 )
194 (
194 )
195 (
195 )
196 (
196 )
196 (
196 )
197 (
197 )
197 (
197 )
202 (
202 )
202 (
202 )
204 (
204 (
204 )
204 )
207 (
207 (
207 )
207 (
207 )
207 )
212 (
212 )
212 (
212 )
212 (
212 (
212 )
212 )
212 (
212 )
218 (
218 )
218 (
218 )
219 (
219 )
220 (
220 )
221 (
221 (
221 )
221 )
225 (
225 )
226 (
226 )
226 (
226 )
227 (
227 )
227 (
227 )
229 (
229 )
232 (
233 (
233 )
234 )
234 (
234 )
236 (
236 )
237 (
237 )
244 (
244 )
245 (
245 )
246 (
247 (
247 (
247 )
247 )
247 (
247 )
249 (
249 )
249 (
249 (
249 )
249 )
250 (
250 )
250 (
250 )
250 (
250 )
250 (
250 )
251 (
251 )
251 (
251 )
251 (
251 )
251 (
251 )
252 (
252 )
252 (
252 )
252 (
252 )
252 (
252 )
254 (
254 )
255 (
255 )
255 (
255 (
255 )
255 )
256 (
256 )
256 (
256 (
256 )
256 (
256 )
256 )
257 (
257 )
257 (
257 (
257 )
257 )
259 (
259 )
260 (
260 )
261 (
261 )
263 (
263 )
263 (
263 )
266 (
266 )
266 (
266 )
267 (
267 )
267 (
267 )
268 (
268 )
269 (
269 )
282 (
282 )
283 (
283 )
283 (
283 )
283 (
283 )
285 (
285 (
285 )
285 )
286 (
286 (
286 (
286 )
286 )
286 )
290 (
290 )
295 )
295 (
295 )
300 (
300 )
301 (
301 )
303 (
303 )
303 (
303 )
304 (
304 )
